timeArray,xArray,yArray,zArray
0,0,0,5
0.1,0.0982446577051826,0,5.00064802095888
0.2,0.193060555346588,0,4.90489541663564
0.3,0.28456735740114,0,4.71610658995875
0.4,0.372880552029321,0,4.43752852545787
0.5,0.458111596829524,0,4.07229488719168
0.6,0.540368059505558,0,3.62342997365713
0.7,0.619753753624817,0,3.09385253467145
0.8,0.696368869638463,0,2.48637945504426
0.9,0.770310101328978,0,1.80372930968855
1,0.841670767844664,0,1.04852579465764
1.1,0.910540931475117,0,0.223301038438194
1.101,0.927630276850075,-2.776715858536e-08,0.0190009276302681
1.102,0.928256800650712,-5.49613017748993e-08,0.0190009282567837
1.103,0.928842170168068,-8.02880942445254e-08,0.0190009288421279
1.104,0.929388891497339,-1.03862382577321e-07,0.0190009293888256
1.105,0.929899306116574,-1.2579191545167e-07,0.0190009298992183
1.205,0.976693730488547,-1.12327373747916e-06,0.831853257768524
1.305,1.02185501920468,-2.08594322552738e-06,1.51995885221902
1.405,1.06544016905692,-3.01501533767408e-06,2.08767140155931
1.505,1.10750418763671,-3.9116626296941e-06,2.53919264942279
1.605,1.14810016275849,-4.77701673490901e-06,2.87857769767017
1.705,1.18727932946036,-5.61216979238969e-06,3.10974012421933
1.805,1.22509113466638,-6.41817582531435e-06,3.23645692226202
1.905,1.26158329959212,-7.19605207122149e-06,3.26237326710063
2.005,1.29680187997229,-7.94678026583681e-06,3.19100711662141
2.105,1.33079132418637,-8.67130788209423e-06,3.02575365121016
2.205,1.36359452935567,-9.37054932591486e-06,2.76988955871389
2.305,1.39525289548257,-1.00453870902529e-05,2.42657716985631
2.405,1.42580637770029,-1.06966728688654e-05,1.99886844932652
2.505,1.45529353669919,-1.13252286312106e-05,1.48970884757777
2.605,1.48375158739304,-1.19318476598327e-05,0.901941018197618
2.705,1.51121644588703,-1.25172955515417e-05,0.238308405541022
2.706,1.51954419311205,-1.27403486519142e-05,0.0190015195314718
2.707,1.51978628847341,-1.27709508179629e-05,0.0190015197735555
2.708,1.52000495771165,-1.27974499305842e-05,0.0190015199921983
2.709,1.52020116919966,-1.28201576906837e-05,0.019001520188387
2.71,1.52037579760519,-1.28393777468964e-05,0.0190015203629962
